7.000000000000000000e+02 9.068961327681923372e-08
8.000000000000000000e+02 9.065615789219579278e-08
9.000000000000000000e+02 9.050116343599049613e-08
1.000000000000000000e+03 9.012603468605559303e-08
1.050000000000000000e+03 8.968682078432100668e-08
1.100000000000000000e+03 8.839220241813494892e-08
1.130000000000000000e+03 8.678217047101688725e-08
1.160000000000000000e+03 8.416436288961524040e-08
1.189000000000000000e+03 8.222574000718013392e-08
1.220000000000000000e+03 8.367814645253659348e-08
1.250000000000000000e+03 8.636521519404796090e-08
1.300000000000000000e+03 8.874484323342567493e-08
1.350000000000000000e+03 8.966520938218467345e-08
1.400000000000000000e+03 9.007683927186339513e-08
1.500000000000000000e+03 9.042168918819266594e-08
1.600000000000000000e+03 9.055734835555691587e-08
1.700000000000000000e+03 9.062443134658395823e-08