7.000000000000000000e+02 9.000796621228358595e-08
8.000000000000000000e+02 8.946034692129178921e-08
9.000000000000000000e+02 8.818788928354718048e-08
1.000000000000000000e+03 8.515743885009333037e-08
1.050000000000000000e+03 8.195940717347648376e-08
1.100000000000000000e+03 7.725250196993257075e-08
1.130000000000000000e+03 7.383447028540357815e-08
1.160000000000000000e+03 7.102555361492908160e-08
1.189000000000000000e+03 7.007782208425971755e-08
1.220000000000000000e+03 7.141306582469190054e-08
1.250000000000000000e+03 7.422625802336265290e-08
1.300000000000000000e+03 7.925584303726944110e-08
1.350000000000000000e+03 8.280765970769081610e-08
1.400000000000000000e+03 8.502290866329604614e-08
1.500000000000000000e+03 8.753160989999863577e-08
1.600000000000000000e+03 8.874245384269420987e-08
1.700000000000000000e+03 8.935834707500912170e-08